1691234291821 1.1631207466125488 49
1691234292129 0.7467667460441589 99
1691234292428 0.7293921113014221 149
1691234292722 0.6354333758354187 199
1691234297568 0.5232927203178406 249
1691234297870 0.5068404674530029 299
1691234298171 0.43290239572525024 349
1691234298465 0.36011356115341187 399
1691234298767 0.33459287881851196 449
1691234303460 0.3719165325164795 499
1691234303753 0.38830283284187317 549
1691234304066 0.4128535985946655 599
1691234304376 0.3920358121395111 649
1691234304675 0.30649226903915405 699
