1691175193683 0.931370198726654 49
1691175193975 0.6990403532981873 99
1691175194276 0.6842924356460571 149
1691175194569 0.6043018698692322 199
1691175200259 0.511041522026062 249
1691175200547 0.4749164283275604 299
1691175200853 0.44699886441230774 349
1691175201148 0.34993571043014526 399
1691175201464 0.3295477628707886 449
1691175207451 0.35149261355400085 499
1691175207744 0.40975645184516907 549
1691175208057 0.43703603744506836 599
1691175208371 0.3565341532230377 649
1691175208678 0.3033986985683441 699
