1690966558907 1.1249934434890747 49
1690966559452 0.6868590712547302 99
1690966560002 0.6468548774719238 149
1690966560557 0.5473936796188354 199
1690966576038 0.5028660297393799 249
1690966576572 0.4172629117965698 299
1690966577152 0.39784589409828186 349
1690966577692 0.3417395353317261 399
1690966578240 0.31384602189064026 449
1690966592505 0.3326449990272522 499
1690966593097 0.35362979769706726 549
1690966593643 0.38645994663238525 599
1690966594193 0.3573915958404541 649
1690966594737 0.28665751218795776 699
1690966608989 0.30399563908576965 749
1690966609570 0.3096023499965668 799
1690966610126 0.31181278824806213 849
1690966610696 0.29032662510871887 899
1690966611286 0.35684651136398315 949
1690966625836 0.281191349029541 999
1690966626409 0.2614685297012329 1049
1690966626973 0.3360767960548401 1099
1690966627539 0.25939616560935974 1149
1690966628089 0.2354760318994522 1199
1690966642514 0.26855912804603577 1249
1690966643091 0.27279478311538696 1299
1690966643652 0.24701900780200958 1349
1690966644210 0.25930294394493103 1399
1690966644776 0.23577506840229034 1449
1690966659003 0.18825389444828033 1499
1690966659567 0.21480044722557068 1549
1690966660136 0.22960537672042847 1599
1690966660699 0.20899081230163574 1649
1690966661248 0.21320052444934845 1699
1690966675666 0.17554134130477905 1749
1690966676209 0.2683860659599304 1799
1690966676763 0.33276405930519104 1849
1690966677344 0.20993992686271667 1899
1690966691620 0.16974352300167084 1949
1690966692176 0.24229508638381958 1999
1690966692703 0.24172699451446533 2049
1690966693261 0.24916094541549683 2099
1690966693792 0.18460160493850708 2149
1690966708084 0.18545295298099518 2199
1690966708785 0.2014656364917755 2249
1690966709305 0.19708843529224396 2299
1690966709855 0.18162435293197632 2349
1690966710385 0.1841115802526474 2399
