1691175025787 0.969042181968689 49
1691175026087 0.6570491194725037 99
1691175026381 0.6980586051940918 149
1691175026675 0.6077247262001038 199
1691175032949 0.4955725073814392 249
1691175033255 0.44712311029434204 299
1691175033573 0.3988128900527954 349
1691175033881 0.37856417894363403 399
1691175034176 0.3392771780490875 449
1691175040707 0.33705440163612366 499
1691175041005 0.4102881848812103 549
1691175041328 0.4270806610584259 599
1691175041622 0.37524792551994324 649
1691175041917 0.32016220688819885 699
