1690966558907 0 49
1690966559452 0 99
1690966560002 0 149
1690966560557 0 199
1690966571892 0 242
1690966571910 0 242
1690966576038 1 249
1690966576572 1 299
1690966577152 1 349
1690966577692 1 399
1690966578240 1 449
1690966588381 1 485
1690966588395 1 485
1690966592505 2 499
1690966593097 2 549
1690966593643 2 599
1690966594193 2 649
1690966594737 2 699
1690966604855 2 728
1690966604868 2 728
1690966608989 3 749
1690966609570 3 799
1690966610126 3 849
1690966610696 3 899
1690966611286 3 949
1690966621322 3 971
1690966621335 3 971
1690966625836 4 999
1690966626409 4 1049
1690966626973 4 1099
1690966627539 4 1149
1690966628089 4 1199
1690966637908 4 1214
1690966637921 4 1214
1690966642514 5 1249
1690966643091 5 1299
1690966643652 5 1349
1690966644210 5 1399
1690966644776 5 1449
1690966654553 5 1457
1690966654566 5 1457
1690966659003 6 1499
1690966659567 6 1549
1690966660136 6 1599
1690966660699 6 1649
1690966661248 6 1699
1690966671083 6 1700
1690966671096 6 1700
1690966675666 7 1749
1690966676209 7 1799
1690966676763 7 1849
1690966677344 7 1899
1690966687644 7 1943
1690966687660 7 1943
1690966691620 8 1949
1690966692176 8 1999
1690966692703 8 2049
1690966693261 8 2099
1690966693792 8 2149
1690966704076 8 2186
1690966704090 8 2186
1690966708084 9 2199
1690966708785 9 2249
1690966709305 9 2299
1690966709855 9 2349
1690966710385 9 2399
1690966720827 9 2429
1690966720840 9 2429
